000000000000000000
011000110000000000
001111100000000000
000111100000000000
000111100000000000
000111100000000000
000111100000000000
000111100000000000
000111100001110000
000111100011111000
000111100111111000
000111111001111100
000111100000111100
000111100000111100
000111100000111100
000111100000111100
000111100000111100
000111100000111100
000111100000111100
000111100000111100
000111100000111100
000111100000111100
000111100000111100
000111100000111100
001111110000111000
001111110000110000
000111000000100000