000000000000000000000
000000000000000000000
000010000000001000000
000111000000011100000
000111000000011100000
001111110000111110000
011111111111111111100
011111110001111111100
001111100000111111000
000111000000111111000
000010000000111110000
000000000000111110000
000000011110111110000
000000110001111110000
011111100000111110000
001111100000111110000
001111100000111110000
001111100000111110000
001111100000111110000
001111100000111110000
011111110001111111000
011111111111111111000
111111110001111111100
011111100000111111100
001111000000011110000
000111000000011100000
000110000000001100000
000000000000000000000
000000000000000000000
000000000000000000000


00000000000000000
00000000000000000
00000001110100000
00000011000110000
00001111001111000
00111110001110000
00011110000100000
00011110000000000
00011110000000000
00011110000000000
00011110000010000
00011110000111000
00111110011111100
00111111111111110
00111110001111100
00011110000111000
00011110000111000
00011110000111000
00011110000111000
00011110000111000
00011110000111000
00011110000111000
00011110000111000
00011110001111100
00111110011111110
00011111111111100
00000111111110000
00000001111100000
00000000011000000
00000000000000000



000000000000000000
000000000000000000
000000000001100000
000000000011100000
000000000111110000
000000011111111100
000011111011111110
011111110001111100
001111110001111000
000111110000111000
000111110000110000
000111110000110000
000111110000110000
000111110000000000
000111110000000000
000111110000000000
000111110000000000
000111110000000000
000111111000000000
000111111000000000
001111111110000000
001111111111100000
001111111111111000
000011111111110000
000000111111100000
000000011110000000
000000001100000000
000000000000000000
000000000000000000
000000000000000000




0001110000000000
0011001100000000
0110000111000000
0010000111110000
0000000111100000
0000000111100000
0000000111110000
0000000011110000
0000100011110000
0001100001111000
0011110001111100
0111111111111110
0111111101111110
0011110000111100
0011110000111100
0011110000111100
0011110000111100
0011110000111100
0011110000111100
0011110000111100
0011110000111100
0011110000111100
0011111000111110
0111111100111110
0011111111110000
0000111111000000
0000011110000000
0000001100000000
0000000000000000
0000000000000000




00000000000000000000
00000000000000000000
00000000000010000000
00000000000111000000
00000000001111000000
00000000011111100000
00000011111111110000
00111111100111111000
00111111100011111000
00011111100011110000
00001111100001110000
00001111100001110000
00001111100001100000
00001111100011100000
00001111100111000000
00001111111110000000
00001111111000000000
00001111100000000000
00001111100000000000
00001111100000000000
00011111110000000000
00111111111000000000
00111111111111100000
00000111111111000000
00000011111110000000
00000000111000000000
00000000011000000000
00000000000000000000
00000000000000000000
00000000000000000000



0000000000000
0000000100000
0000001110000
0000011111100
0001101111111
0011100111110
0011110011100
0001111001100
0001111001000
0001111001000
0001111000000
0001111001000
0011111111000
0001111001000
0001111000000
0001111000000
0001111000000
0001111000000
0001111000000
0001111000000
0001111000000
0001111000000
0001111100000
0011111111100
0011111111000
0000111100000
0000011000000
0000001000000
0000000000000
0000000000000



000000000000000000
000000000000000000
000000000100000000
000000001110000000
000000011111000000
000001111111110000
001111110111111100
000111110011111000
000111110011111000
000011110001111000
000011110001111000
000011110001111000
000011110001111000
000011110001111000
000011110001111000
000011110001111000
000111111011111000
001111111111111100
001111110001111100
000111100001111000
000011000001111000
000001000001111000
000000000001111000
000001000001111000
000011100001111000
000111111011111100
001111111110000000
011011111000000000
000000110000000000
000000000000000000




000000000000000
000000011100000
000000110011000
000011100111000
001111100111000
001111000010000
000111000000000
000111000000000
000111000011000
000111000011100
001111111111110
001111101111110
000111000111100
000111000011100
000111000111100
000111000111100
000111000111100
000111000111100
000111000111100
000111100111110
001111100011110
001111100011100
000111000111100
000010000111100
000000000011000
000000000111000
000000000110000
000000001100000
000000001000000
000000000000000




000000000
000010000
000111000
001111100
011111110
000111100
000111000
000000000
000000000
000000000
000010000
000111000
001111100
011111110
001111100
001111000
001111000
001111000
001111000
001111000
001111000
001111000
001111000
001111100
011111110
011111110
001111100
000111000
000010000
000000000




0000000
0000000
0001000
0001100
0011110
0011110
0001100
0000000
0000000
0001100
0001100
0111110
0011110
0011100
0011100
0011100
0011100
0011100
0011100
0011110
0011110
0011110
0011110
0011111
0010011
0110011
0110011
0110110
0001000
0000000






000000000000000
000000000000000
000000011000000
000001100001000
000011100111000
001111000111000
011111000010000
001111000000000
000111000000000
000111000000000
000111000011000
001111000011100
011111111111110
011111101111100
001111000111000
001111000010000
000111000010000
000111000111000
000111001111110
000111100111110
000111000111100
000111000011100
001111000111100
001111100111110
011111100111111
001111000011100
000110000001100
000010000001000
000000000000000
000000000000000




000000000
000000000
000000000
000000100
000011100
000111000
011111000
011110000
001110000
001110000
001110000
001110000
011110000
011110000
011110000
001110000
001110000
001110000
001110000
001110000
001110000
001110000
001110000
011111000
011111100
001111000
001110000
000100000
000000000
000000000





00000000000000000000000000000000
00001000000000010000000001100000
00001100000000111000000011100000
00011110000001111100000011110000
00111111000011111110001111111000
01111111111111111111111111111100
11111111100111111110001111111100
01111111000011111100000111111100
01111110000011111100000111111000
00111110000011111100000111111000
00111110000011111100000111111000
00111110000011111100000111111000
00111110000011111100000111111000
00111110000011111100000111111000
00111110000011111100000111111000
00111110000011111100000111111000
00111110000011111100000111111000
00111110000011111100000111111000
00111110000011111100000111111000
01111110000011111100000111111000
01111111000011111110001111111000
11111111100111111111001111111100
11111111100111111111011111111110
01111111000011111110000111111000
00111110000001111100000011110000
00011100000000111000000011110000
00001100000000110000000001100000
00000000000000000000000000000000
00000000000000000000000000000000
00000000000000000000000000000000




0000000000000000000000
0000011000000001100000
0000111000000011110000
0001111100000111111000
0011111111111111111100
0111111111111111111110
0111111110001111111110
0011111100000111111100
0011111100000111111000
0011111100000111111000
0011111100000111111000
0011111100000111111000
0011111100000111111000
0011111100000111111000
0011111100000111111000
0011111100000111111000
0011111100000111111000
0011111100000111111000
0011111100000111111000
0011111100000111111000
0011111110000111111100
0111111111001111111110
0111111111001111111110
0011111110000111111100
0001111100000011111000
0000111000000001110000
0000010000000000100000
0000000000000000000000
0000000000000000000000
0000000000000000000000




0000000000000001000000000000
0000000000000011100000000000
0000000000000111110000000000
0000000000011111111100000000
0000000001111111111110000000
0000011111100011111111110000
0000011111100001111111110000
0000011111100000111111100000
0000001111100000011111100000
0000001111100000011111100000
0000001111100000011111000000
0000001111100000011111000000
0000001111100000011111000000
0000001111100000011111000000
0000001111100000011111000000
0000001111100000011111000000
0000001111110000011111000000
0000001111110000011111100000
0000001111110000011111100000
0000011111111100011111100000
0000011111111110011111110000
0000011111111111111111110000
0000001111111111111111000000
0000000011111111110000000000
0000000000111111100000000000
0000000000011110000000000000
0000000000001110000000000000
0000000000000000000000000000
0000000000000000000000000000
0000000000000000000000000000





0000000000000000
0000000000000000
0001000000100000
0011100001110000
0111110111110000
0111111111111100
0111110001111100
0011110001111000
0011110001111000
0011110001111000
0011110001111000
0011110001111000
0011110001111000
0011110001111000
0011110001111000
0111110111111000
1111111111111100
0111110011111100
0011110001111000
0011110000110000
0011110000010000
0011110000000000
0011110000000000
0111111000000000
1111111000000000
0111110000000000
0011100000000000
0001000000000000
0000000000000000
0000000000000000






00000000000000000
00000010000000000
00000111000000000
00001111110000000
00111111011100000
01111100011111000
01111100011111000
01111000011110000
00111000011110000
00111000011110000
00111000011110000
00111000011110000
00111000011110000
00111100011110000
00111100011110000
01111111111111000
01111111111111100
01111100011111000
00111000011110000
00011000011110000
00000000011110000
00000000011110000
00000000011111000
00000000111111000
00000000111111000
00000000011110000
00000000001100000
00000000000000000
00000000000000000
00000000000000000





000000000000000000000
000000100000000110000
000001110000001110000
000001111000011110000
000011111111111111000
000111111111111111100
001111111110111111110
001111111100011111100
000111111100001111000
000011111100001110000
000011111100000110000
000011111100000110000
000011111100000100000
000011111100000000000
000011111100000000000
000011111100000000000
000011111100000000000
000011111100000000000
000011111100000000000
000011111100000000000
000111111100000000000
000111111110000000000
001111111111000000000
001111111111111110000
000011111111111110000
000000111111111000000
000000001111110000000
000000000111100000000
000000000011000000000
000000000000000000000






000000000000000000000
000000000000000000000
000000000000011000000
000000000001111100000
000000000011111110000
000000011111111111100
000111111100011111100
000111111100011110000
000011111100001100000
000011111100000100000
000001111100000000000
000001111110000001100
000001111111000111100
000001111111111111100
000001100000011111100
000001000000011111100
000000000000001111100
000000000000001111100
000000001000001111100
000000111100001111100
000001111110001111110
000011111111011111110
000111111111111110000
001110111111110000000
001000011111100000000
001000001110000000000
000000000100000000000
000000000000000000000
000000000000000000000
000000000000000000000





000000000000
000000000000
000000000100
000000001000
000000111000
000001110000
000111110000
000011110000
000011110000
000011110000
000011110010
000011110010
001111111110
000011110110
000011110010
000011110010
000011110000
000011110000
000011110000
000011110000
000011110000
000011110000
000011110000
000011110000
000111111000
000111111000
000001110000
000001100000
000000000000
000000000000






0000000000000000000000000
0000000000000000000000000
0000000100000000010000000
0000000110000000011000000
0000001110000000111000000
0000011111000001111100000
0000111111100011111110000
0001111111110111111111000
0000111111100011111110000
0000111111000001111100000
0000011111000001111100000
0000011111000001111100000
0000011111000001111100000
0000011111000001111100000
0000011111000001111100000
0000011111000001111100000
0000011111000001111100000
0000011111000001111100000
0000011111000001111100000
0000011111000001111100000
0000011111100011111100000
0000111111111111111110000
0001111111111111111111000
0001111111100001111111000
0000011111000001111110000
0000001110000000111100000
0000001110000000011000000
0000000100000000010000000
0000000000000000000000000
0000000000000000000000000





0000000000000000000000
0000000000000000000000
0000000000000000000000
0000001100000000100000
0000001110000001110000
0000011111000001111000
0000111111100111111100
0001111111100111111100
0001111111000001110000
0000111110000000100000
0000111110000000100000
0000111110000000100000
0000111110000000100000
0000111110000000100000
0000111110000000100000
0000111110000000100000
0000111110000000100000
0000111110000000100000
0000111111000000100000
0000111111100000100000
0000111111111100110000
0001111111111111111000
0000111111111111110000
0000000111111110000000
0000000011111100000000
0000000001110000000000
0000000000110000000000
0000000000000000000000
0000000000000000000000
0000000000000000000000




0000000000000000000000000000000000
0000001100000000010000000000000000
0000001100000000110000000001100000
0000011110000001111000000001110000
0000111111100011111100000011110000
0001111111111111111110000111111000
0011111111101111111111001111111100
0011111111000011111110000011110000
0001111111000011111100000001100000
0000111110000011111100000001100000
0000111110000011111100000001100000
0000111110000011111100000001100000
0000111110000011111100000001100000
0000111110000011111100000001100000
0000111110000011111100000001100000
0000111110000011111100000001100000
0000111110000011111100000001100000
0000111110000011111100000001100000
0000111110000011111100000001100000
0000111110000011111110000001100000
0001111111000011111111100001100000
0001111111110011111111111101110000
0011111111111111111111111111111000
0001111111111000001111111111110000
0000001111110000000111111111000000
0000000111100000000011111100000000
0000000011100000000001111000000000
0000000001000000000000110000000000
0000000000000000000000000000000000
0000000000000000000000000000000000





00000000000000000000000
00000011100000000100000
00000011110000000110000
00000111111000001110000
00001111111100011111000
00001111111100111111100
00000111111110011111000
00000001111110011100000
00000000111110011000000
00000000111111010000000
00000000111111110000000
00000001111111111000000
00000000111111111000000
00000000111111110000000
00000000111111110000000
00000001101111110000000
00000001100111111000000
00000011000111111000000
00000011000111111100000
00001111100011111110000
00011111100011111111100
00111111000001111111000
00111110000000111110000
01111110000000011100000
01100000000000001100000
01100000000000000000000
00100000000000000000000
00000000000000000000000
00000000000000000000000
00000000000000000000000





000000000000000
000100000011000
001110000111000
011111111111100
011111111111110
011111000111110
001111000111100
001111000111100
001111000111100
001111000111100
001111000111100
001111000111100
001111000111100
001111000111100
001111000111100
011111000111110
111111100111110
011111000111100
001110000111100
000100000111100
000000000111100
000100000111000
001110001111000
011111111100000
111111111000000
111111100000000
000011000000000
000000000000000
000000000000000
000000000000000





000000000000000000000000000
000000011000000001110000000
000000011100000011111000000
000000111111000111111000000
000001111111111111111110000
000011111110001111111110000
000011111100001111111000000
000001111000011111110000000
000000111000011111100000000
000000110000111111100000000
000000010000111111000000000
000000000001111111000000000
000000000001111110000000000
000000000001111110000000000
000000000011111100000000000
000000000011111100000000000
000000000111111000001100000
000000000111111000001100000
000000001111110000011100000
000000011111100000111110000
000000011111100001111110000
000000111111111111111111000
000011111111110011111111100
000001111111000000111111000
000000111110000000011110000
000000011100000000011100000
000000011000000000001100000
000000000000000000000000000
000000000000000000000000000
000000000000000000000000000
