000000000111000000000000000000
000000111111111100000000000000
000001100001111110000000000000
000011000000110111110000000000
000011000000010011111111100000
000001000000010011111111000000
000000100000010011111110000000
000000000000010011111100000000
000000000000110001111100000000
000000000000110001111110000000
000000000000110001111110000000
000000000001100001111110000000
000000000001110000111110000000
000000000011111000111111000000
000000001111111111111111000000
000000000111110000111111000000
000000000011100000111111000000
000000000001000000011111100000
000000000001000000011111100000
000000000011000000011111100000
000000000011000000011111100000
000000000011000000011111110000
000000000011000000011111111000
000000000111000000111111111100
000001111111100001111111111110
000111111111110000011111111000
000111111111000000000111100000
000110001110000000000011000000
000100000100000000000000000000
000000000000000000000000000000



000000000000000000111000000000
000000000000000011111110000000
000000000000011111111111000000
000000000001111111111111111000
000111111111111011111111111110
000000111111110000111111111000
000000011111110000011111110000
000000011111110000011111110000
000000011111110000011111110000
000000011111110000011111110000
000000011111110000011111110000
000010011111110000011111110000
000011011111110000011111110000
000011111111110000111111100000
000011111111111111111100000000
000011111111111001111110000000
000010001111110000011111110000
000000011111110000011111111110
000000011111110000011111111000
000000011111110000011111110000
000000011111110000011111110000
000000011111110000011111110000
000000011111111000011111110000
000000011111111000011111110000
000011111111111110111111110000
001111111111111111000011111000
001111111111111000000000011100
011000000111100000000000000100
011000000011000000000000000000
000000000000000000000000000000



000000000000000000000000100000
000000000000011111000001110000
000000000001111000000011111000
000000000111100000001111111111
000000011110000000111111111110
000000111110000011110011111100
000001111111111111110001111000
000011111101111111110001110000
000111111000111111110001110000
000111111000111111110000110000
001111111000111111110000110000
001111111000111111110000110000
011111111000111111110000100000
011111111000111111110000000000
011111111000111111110000000000
011111111000111111110000000000
011111111000111111110000000000
011111111000111111110001100000
011111111000111111110000011000
011111111000111111110000000100
001111111000111111111000000010
001111111100111111111111000010
000111111100011111100000000010
000011111110011100000000000010
000001111111110000000000000010
000000111111100000000000000100
000000001111100000000000001000
000000000111111000000000000000
000000000000111111100000000000
000000000000000001000000000000




000000000000000000000000000000
000000001011111110000000000000
000010000000001111100000000000
001100000011000011111100000000
011000000111100001111111000000
010000011111110000111111111110
010001111111111110011111111100
010001111111111110011111111000
001100111111111000011111110000
000000011111110000011111110000
000000011111110000011111110000
000010011111110000011111110000
000011111111110000011111110000
000011111111110000011111110000
000011111111110000011111110000
000010011111110000011111110000
000010011111110000011111110000
000000011111110000011111110000
000000011111110000011111110000
000000011111110000011111110000
000000011111110000011111110000
000000011111110000011111110000
000000011111111000011111110000
000011111111111110111111111000
001111111111111111000111111000
011111111111110000000000011100
011100000111000000000000000110
011000000010000000000000000000
011000000000000000000000000000
000000000000000000000000000000


000000000000000000000111100000
000000000110000000010001111000
000000001111000000100001111100
000001111111111000101111111111
001111111111111100100111111111
000001111111111000100000111100
000000111111111000100000111000
000000011111110000100000000000
000000011111110000100000000000
000000011111110000100000000000
001100011111110000100110000000
001110111111110000111110000000
001111111111110000111110000000
001111111111110000111110000000
001100011111110000100110000000
000000011111110000100000000000
000000011111110000100000000000
000000011111110000100000000000
000000011111110000000000000000
000000011111110001110000000000
000000111111000011111000000000
000000111100001111111111000000
000011110001111111111111111111
000110001111111111111111111110
000000111111111111111111100000
000011100000000000011110000000
000111000000000000000000000000
000110000000000000000000000000
000110000000000000000000000000
000000000000000000000000000000


000000000000000000000000000000
000000000000001111111100000000
000000000001111110001111000000
000000000111111000000111110000
011111111111110000011111111100
000111111111110000011111111100
000001111111110000000111110000
000000111111110000000111100000
000000011111110000000011100000
000000011111110000000011000000
000000011111110000000011000000
000100011111110000000001000000
000111111111110001000011000000
000111111111110001111111000000
000110011111110001000011000000
000100011111110000000000000000
000000011111110000000000000000
000000011111110000000000000000
000000011111100000000000000000
000000011111100000000000000000
000000111110000000000000000000
000001111100000001000000000000
000111111111111111100000000000
000001111111111111110000000000
000111111111111110000000000000
001110000011111000000000000000
011100000000110000000000000000
011000000000000000000000000000
011100000000000000000000000000
001110000000000000000000000000


000000000000000000000000000000
000000000000110001111100000000
000000000001100010000111000000
000000000111001100000111100000
000000001110011000111111111000
000000011110111000111111111000
000000111100111000001111100000
000001111100011000000110000000
000011111100011000000110000000
000011111100011000000000000000
000111111100011000000000000000
001111111100011000000000000000
001111111100011000000110000000
001111111100011000000110000000
011111111100010000001111000000
011111111100011000111111110000
011111111100011111111111111100
011111111100011001111111111000
011111111100010000111111110000
001111111100011000111111110000
001111111100011000111111110000
000111111100011000111111110000
000111111100011000111111110000
000011111100011000111111110000
000001111100011000111111111000
000000111100011000111111111110
000000011100011000111111000000
000000001110000001111100000000
000000000011100011110000000000
000000000000111110000000000000



000000000000000000111000000000
000000000000001111001111000000
000000000001111100000011100000
000011111111111100011111111100
000011111111111000011111111100
000000011111111000000111100000
000000001111111000000011000000
000000001111111000000000000000
000000001111111000000000000000
000010001111111000000011000000
000011001111111000000111100000
000011111111111111111111111100
000011111111111100111111111100
000011001111111000001111110000
000010001111111000001111110000
000000001111111000001111110000
000000001111111000001111110000
000000001111111000001111110000
000000001111111000001111110000
000000001111111000001111110000
000000001111111100001111110000
000011111111111110001111110000
001111111111111100011111110000
011110000111110000111111110000
011000000011100000011111110000
011000000000000000000111110000
000000000000000000000011110000
000000000000000000000001111000
000000000000000000000000111100
000000000000000000000000000000



000000000011111000000000000000
000000000001111111000000000000
000010000000011111111000000000
000110001100011111111111111000
000011001100011111111111110000
000000001100011111111110000000
000000001100011111111100000000
000000001100011111111100000000
000000001100011111111100000000
000000001100011111111100000000
000110001100011111111100000000
000111011100011111111111100000
000111111100011111111111100000
000111111100011111111110000000
000110001100011111111100000000
000110001100011111111100000000
000000001100011111111100000000
000000001100011111111100000000
000000001100011111111100000000
000000001100011111111100000000
000000001100011111111100000000
000000001100011111111110000000
000000000001111111111111111000
000000001111111111111111111000
000000011111111111111100000000
000000111100001111110000000000
000001110000000011100000000000
000001100000000000000000000000
000000110000000000000000000000
000000000000000000000000000000



000000000011100000000000000000
000000110001111110000000000000
000011000000001111110000000000
000110000000000111111110000000
000111000000000111111111111100
000011000000000111111111100000
000000000000000111111110000000
000000000000000111111110000000
000000000000000111111110000000
000000000000000111111110000000
000011000000000111111110000000
000011110000000111111111110000
000011111100000111111111111000
000011110000000111111111000000
000011000000000111111110000000
000000000000000111111110000000
000000000000000111111110000000
000000000000000111111110000000
000000000000000111111110000000
000000000000000111111110000000
000000000000000111111111100000
000000000000000111111111111100
000000010000000111111111100000
000000111100000111111110000000
000111111111000111111100000000
000111111110000111111000000000
000000111100000111110000000000
000000011110001111100000000000
000000000111111100000000000000
000000000000000000000000000000




000000000000000000000000000000
000000000000000000000000000000
000000000000000111111100000000
000000000000111100000011000000
000000000011110000000001100000
000000001111100000000001100000
001111111111100000000001100000
000011111111100000001110000000
000000111111100000000000000000
000000011111100000001100000000
000000011111100000011110000000
000000011111100011111111111000
001100011111110111111111111000
001110111111100000001111000000
001111111111100000001110000000
001111111111100000011000000000
001100011111100001111000000000
000000011111100011111110000000
000000011111100000111111100000
000000011111100000011111100000
000000011111100000011111100000
000000011111100000011111100000
000000111111100000011111110000
000111111111111001111111111100
011111111111111001111111111100
011111111111000000011111110000
111000001110000000011111000000
010000000000000000000110000000
000000000000000000000000000000
000000000000000000000000000000





000000000000000000000000000000
000000000000001111111100000000
000000000001110000001110000000
000000000111100010000111100000
000000111111100011011111111000
011111111111100011111111111000
000011111111100010001111100000
000001111111100010000111000000
000000111111100010000010000000
000000111111100010000000000000
000000111111100010000000000000
000100111111100010000000000000
000110111111100010000000000000
000111111111100010000000000000
000111111111100010000000000000
000100111111100010000000000000
000100111111100010000000000000
000000111111100010000000000000
000000111111100010000000000000
000000111111000000000000000000
000000111111000000000000000000
000000111110000111000000000000
000000111100011111111000000000
000001111101111111111111111100
000011111111111111111111110000
000011111111111111111110000000
000011110000000011111100000000
000110000000000000110000000000
001100000000000000000000000000
001100000000000000000000000000




000000000000000000000000000000
000111111000000000000011000000
001100111110000000000011000000
011000111111100000001111110000
011000011111111100111111111110
001000011111111000111111111100
000000011111110000011111111000
000000011111110000011111110000
000000001111110000011111110000
000000000111111000010111110000
000000000111111000010111110000
000010000111111000110111110000
000011100011111000100111110000
000011100011111100100111110000
000011100011111100100111110000
000010010001111101100111110000
000000010001111101100111110000
000000010001111111000111110000
000000010000111111000111110000
000000010000111111000111110000
000000010000111111000111110000
000000010000111111000111110000
000001110000111111001111111000
000111111101111111101111111110
001111111100011110001111111110
001111111000001100000111111000
011000110000000000000011110000
001000000000000000000001100000
000000000000000000000000000000
000000000000000000000000000000





000000000000000000000000000000
000011111111000000000000000000
000110001111100000000001110000
001100000111111000000011111000
001100000111111111100111111110
000100000111111111000011111000
000000000111111111000001110000
000000000111111111000000110000
000000000101111111000000100000
000000000101111111000000100000
000000000100111111100000100000
000001000100111111100000100000
000001101100011111110000100000
000001111100011111110000100000
000001111100001111111000100000
000001100100001111111000100000
000001000100001111111100100000
000000000100000111111100100000
000000000100000111111110100000
000000000100000011111110000000
000000000100000011111111100000
000000000100000001111111110000
000000000110000001111111110000
000000111110000011111111111100
000011111111110111111111111110
000111111111100001111111110000
000111011110000000011111000000
000100001100000000001111000000
000100000000000000000110000000
000000000000000000000000000000




000000000000000000000000000000
000000000000000000000000000000
000000000000000000001110000000
000000000000110000011111100000
000000000011100001111111111100
000000000111000111111111111111
000000011110001111111111111110
000000111100010000111111111100
000001111100001000011111111000
000011111000001100011111111000
000111111000001000011111111000
001111111000001000011111111000
011111111000001000011111111000
011111111000001000011111111000
111111111000001000011111111000
111111111000001000011111111000
111111111000001000011111111000
111111111000001000011111111000
111111111000001000011111111000
011111111000001000011111111000
011111111000001000011111111000
001111111000001000011111111000
001111111000001000011111111100
000111111000001000011111111100
000011111000001000011111111111
000000111100001000011111111000
000000011100001000111111000000
000000001111000001111000000000
000000000011111111100000000000
000000000000000000000000000000




000000000000000000000000000000
000000001000111111000000000000
000001000000000011111000000000
000100000001000000111110000000
001000000011100000011111111100
001000000111110000011111111000
011000111111111100001111110000
001000011111111110001111110000
000100001111111100001111110000
000000001111111000001111110000
000000001111111000001111110000
000011001111111000001111110000
000011111111111000011111111100
000011111111111111111111111100
000011101111111000011111110000
000011001111111000000111000000
000000001111111000000011000000
000000001111111000000000000000
000000001111111000000000000000
000000001111111000000000000000
000000001111111000000000000000
000000001111111100000000000000
000000111111111111000000000000
000011111111111110000000000000
000111111111110000000000000000
001100000011100000000000000000
001100000001000000000000000000
000100000000000000000000000000
000000000000000000000000000000
000000000000000000000000000000





000000000000000000000000000000
000000000000000000000000000000
000000000000001000001110000000
000000000000110000111111110000
000000000011100001111111111111
000000001111000111111111111110
000000011110001000111111111000
000000111100000000011111111000
000001111100001100011111111000
000011111100001100011111111000
000111111100001100011111111000
001111111100001100011111111000
001111111100001100011111111000
011111111100001100011111111000
011111111100001100011111111000
011111111100001100011111111000
001111111100001100011111111000
001111111100001100011111111000
000111111100001100011111111000
000011111100001100011111111000
000001111100001100011111111110
000000111100001100011111111110
000000011110001100011111000000
000000000111000000111000000000
000000000001111111100000000000
000000000111111111110000011000
000000011000001111111111110000
000000000000000111111111000000
000000000000000001111110000000
000000000000000000011100000000




000000000000000001111100000000
000000000000001111111111000000
000110000111111111111111111100
000111111111110000111111111110
000000111111110000011111111000
000000011111110000001111111000
000000011111110000001111111000
000000011111110000001111111000
000000011111110000001111111000
000010011111110000001111111000
000011111111110000001111110000
000011111111111001111110000000
000011111111111111111100000000
000010011111110000111111000000
000000011111110000001111111100
000000011111110000001111111000
000000011111110000001111110000
000000011111110000001111110000
000000011111110000001111110000
000000011111111000001111110000
000000011111111100001111110000
000011111111111110001111110000
001111111111111000001111110000
011100011111100000001111110000
011000000111000000001111110000
000000000000000000001111110000
000000000000000000000111110000
000000000000000000000011111000
000000000000000000000001111100
000000000000000000000000001110



000000000000000001110000000000
000000000000000111111000000000
000000000000111111111110000000
001100000111111111111111111000
001111111111000011111111111000
000011111111000000111110000000
000001111111001000011100000000
000001111111001000011000000000
000001111111001000000000000000
000001111111001000000000000000
000001111111001000000001110000
000001111111000000000111100000
000001111111110001111111100000
000001111111111111111111100000
000001110000000000111111100000
000001100000001000111111100000
000000000000001000111111100000
000000000000001000111111100000
000000000000001000111111100000
000000000110001000111111100000
000000111111000000111111110000
000011111111110000111111111000
001111111111111101111111111000
011111111111111111110000000000
011100000111111100000000000000
011000000001110000000000000000
011000000000000000000000000000
001100000000000000000000000000
000110000000000000000000000000
000000000000000000000000000000



000000000000000000000000000000
000000000000000000011110000000
000011000000000001110011110000
000111000000000111100011111000
011111110000111111101111111110
111111111111111111101111111110
001111111000111111100011111100
000111100001111111100001111000
000111100001111111100001111000
000011000001111111100000110000
000011000001111111100000110000
000001000001111111100000110000
000000000001111111100000000000
000000000001111111100000000000
000000000001111111100000000000
000000000001111111100000000000
000000000001111111100000000000
000000000001111111100000000000
000000000001111111100000000000
000000000001111111100000000000
000000000001111111100000000000
000000000001111111100000000000
000000000001111111100000000000
000000000001111111100000000000
000000000001111111110000000000
000000000111111111111110000000
000000011111111111111000000000
000000111111111111000000000000
000001110000011100000000000000
000001000000000000000000000000
000000000000000000000000000000





000000000000000000000000000000
000000000000000000000000000000
000000011110000000000000000000
001000001111000000000000110000
011000000111110000000011111100
011000000111111111001111111110
001000000111111110000011111000
000000000111111100100001110000
000000000111111100100001100000
000000000111111100100001100000
000000000111111100100000100000
000000000111111100100000100000
000000100111111100100000100000
000000111111111100100000100000
000000111111111100100000100000
000000110111111100100000100000
000000100111111100100000100000
000000000111111100100000100000
000000000111111100100000100000
000000000111111100100000110000
000000000111111100100000110000
000000000111111100100000111000
000000001111111100100000111100
000000111111111100100000111110
000000111111111100100001111100
000000000011111100100001111000
000000000000111100000001110000
000000000000011110000011100000
000000000000000111111100000000
000000000000000000000000000000




000001111100000000000000000000
000111111111000000000000100000
001100111111100000000001110000
011000011111111000000111111100
001000001111111111001111111110
001100001111111110000011111000
000000000111111100000001110000
000000000111111100000000110000
000000000111111100000001100000
000000000111111100000001100000
000000000011111110000001100000
000000110011111110000001000000
000000111011111110000011000000
000000011111111110000011000000
000000011111111111000010000000
000000110001111111000110000000
000000110000111111000110000000
000000000000111111000110000000
000000000000111111000110000000
000000000000111111000100000000
000000000000111111101100000000
000000000000011111101100000000
000000000000011111111100000000
000000000000111111111110000000
000000000111111111111111100000
000000000011111111111111000000
000000000000011111111000000000
000000000000001111100000000000
000000000000000111100000000000
000000000000000001000000000000




011111100000000001000000000000
011111110000000011100000001100
100011111000000111110000011110
100001111111011111111100111111
110001111110001111111000111110
000001111110000111111000001100
000001111100000111111000001100
000000111100000111111000001000
000000111110000011111000001000
000000111110000011111000000000
000110111110000001111000010000
000110111110000001111000010000
000011111110000001111100010000
000011111111000001111100010000
000110011111000001111100100000
000110011111000001111100100000
000110011111000001111100100000
000110011111000001111100100000
000100011111000001111100100000
000000011111000000111100100000
000000011111100000111110000000
000000001111100000111110000000
000000001111100000111111000000
000000001111100000111111000000
000000011111110000111111100000
000000111111111001111111110000
000000001111111001111111110000
000000000111100000011111000000
000000000111000000001110000000
000000000011000000000100000000





000000000110000000000000000000
000000001111100000000001100000
000000011111110000000011110000
000111111111111110011111111110
000011111111111110001111111100
000000011111111100000111110000
000000001111111100000011100000
000000000111111100000011000000
000000000111111110000110000000
000000000011111111000110000000
000000000001111111001100000000
000000000001111111111000000000
000000000001111111111000000000
000000000001111111111000000000
000000000001111111111000000000
000000000011111111111110000000
000000000001111111111100000000
000000000000111111111100000000
000000000001100111111100000000
000000000001100111111100000000
000000000011000011111110000000
000000000110000011111110000000
000000000110000001111111000000
000000001110000001111111100000
000000111110000011111111110000
000011111111100111111111111110
000111111111000001111111111100
001111111100000000111111100000
001110111000000000001111000000
001100000000000000000110000000



000000000000000000000000000000
000111111000000000000000000000
011111111110000000000000110000
110001111111100000000001110000
110000111111111110001111111110
010000011111111111001111111110
000000001111111100000011111000
000000001111111100000001110000
000000000111111100000001100000
000000000111111110000001100000
000000000011111110000001000000
000000110001111111000010000000
000000111001111111100110000000
000000011111111111100110000000
000000011111111111111110000000
000000110000111111111100000000
000000110000011111111000000000
000000000000011111111000000000
000000000000011111111000000000
000000000000011111110000000000
000000000000011111111000000000
000000000000011111111000000000
000000000000111111111100000000
000000000011111111111111100000
000000001111111111111100000000
000000011111111111110000000000
000000111000000011100000000000
000000111000000000000000000000
000000011000000000000000000000
000000001000000000000000000000




000000000001111000000000000000
000000001111000111100000000000
000000011100000001111000000000
000001111110000000111111100000
000111111111100000111111111100
000111111111000001111111110000
000001111100000001111111100000
000001111100000011111111000000
000000111000000111111110000000
000000111000000111111100000000
000000110000001111111000100000
000000011000011111111001100000
000000011111111111111111100000
000000011111111111111111100000
000000010001111111100001100000
000000010001111111000000100000
000000000011111111000000000000
000000000111111110000000000000
000000000111111111000000000000
000000001111111110000000000000
000000011111000001110000000000
000001111100000111111100000000
000011100001111111111111111100
000000011111111111111111111000
000011111111111111111111000000
000111000000000001111100000000
001100000000000000011000000000
001100000000000000000000000000
001100000000000000000000000000
000000000000000000000000000000


